{
 "cells": [
  {
   "cell_type": "code",
   "execution_count": 43,
   "id": "7405bd92-eec4-4ad0-8c89-047e856fa57f",
   "metadata": {},
   "outputs": [],
   "source": [
    "import pandas as pd\n",
    "import statsmodels.api as sm\n",
    "pd.set_option('display.max_columns', None)"
   ]
  },
  {
   "cell_type": "code",
   "execution_count": 21,
   "id": "bdae9199-27e3-48e5-a906-1af70281cdf4",
   "metadata": {},
   "outputs": [
    {
     "data": {
      "text/html": [
       "<div>\n",
       "<style scoped>\n",
       "    .dataframe tbody tr th:only-of-type {\n",
       "        vertical-align: middle;\n",
       "    }\n",
       "\n",
       "    .dataframe tbody tr th {\n",
       "        vertical-align: top;\n",
       "    }\n",
       "\n",
       "    .dataframe thead th {\n",
       "        text-align: right;\n",
       "    }\n",
       "</style>\n",
       "<table border=\"1\" class=\"dataframe\">\n",
       "  <thead>\n",
       "    <tr style=\"text-align: right;\">\n",
       "      <th></th>\n",
       "      <th>FA년도</th>\n",
       "      <th>구단명</th>\n",
       "      <th>선수명</th>\n",
       "      <th>포지션</th>\n",
       "      <th>투</th>\n",
       "      <th>타</th>\n",
       "      <th>구분</th>\n",
       "      <th>FA등급</th>\n",
       "      <th>플레이년도</th>\n",
       "      <th>나이</th>\n",
       "      <th>게임수</th>\n",
       "      <th>타석수</th>\n",
       "      <th>타수</th>\n",
       "      <th>득점</th>\n",
       "      <th>안타</th>\n",
       "      <th>2루타</th>\n",
       "      <th>3루타</th>\n",
       "      <th>사구</th>\n",
       "      <th>홈런</th>\n",
       "      <th>타점</th>\n",
       "      <th>도루성공</th>\n",
       "      <th>도루실패</th>\n",
       "      <th>볼넷</th>\n",
       "      <th>삼진</th>\n",
       "      <th>병살타</th>\n",
       "      <th>희생플라이</th>\n",
       "      <th>평균대비수비득점기여</th>\n",
       "      <th>수비_포지션 RAA</th>\n",
       "      <th>전체수비 RAA</th>\n",
       "      <th>공격WAR</th>\n",
       "      <th>수비WAR</th>\n",
       "      <th>연봉</th>\n",
       "      <th>비고</th>\n",
       "      <th>잔류 여부</th>\n",
       "      <th>FA 계약 연수</th>\n",
       "      <th>FA 계약 총액</th>\n",
       "      <th>wRC+</th>\n",
       "      <th>장타율</th>\n",
       "      <th>출루율</th>\n",
       "      <th>OPS</th>\n",
       "    </tr>\n",
       "  </thead>\n",
       "  <tbody>\n",
       "    <tr>\n",
       "      <th>0</th>\n",
       "      <td>2011</td>\n",
       "      <td>롯데</td>\n",
       "      <td>강민호(2011)</td>\n",
       "      <td>C</td>\n",
       "      <td>우투</td>\n",
       "      <td>우타</td>\n",
       "      <td>신규</td>\n",
       "      <td>A</td>\n",
       "      <td>2010</td>\n",
       "      <td>25</td>\n",
       "      <td>117</td>\n",
       "      <td>465</td>\n",
       "      <td>410</td>\n",
       "      <td>66</td>\n",
       "      <td>125</td>\n",
       "      <td>19</td>\n",
       "      <td>1</td>\n",
       "      <td>8</td>\n",
       "      <td>23</td>\n",
       "      <td>72</td>\n",
       "      <td>2</td>\n",
       "      <td>7</td>\n",
       "      <td>42</td>\n",
       "      <td>65</td>\n",
       "      <td>16</td>\n",
       "      <td>5</td>\n",
       "      <td>1.74</td>\n",
       "      <td>9.48</td>\n",
       "      <td>11.21</td>\n",
       "      <td>3.67</td>\n",
       "      <td>0.35</td>\n",
       "      <td>13500</td>\n",
       "      <td>고졸</td>\n",
       "      <td>잔류</td>\n",
       "      <td>0</td>\n",
       "      <td>0.0</td>\n",
       "      <td>134.4</td>\n",
       "      <td>0.629</td>\n",
       "      <td>0.376</td>\n",
       "      <td>1.005</td>\n",
       "    </tr>\n",
       "    <tr>\n",
       "      <th>1</th>\n",
       "      <td>2012</td>\n",
       "      <td>롯데</td>\n",
       "      <td>강민호(2011)</td>\n",
       "      <td>C</td>\n",
       "      <td>우투</td>\n",
       "      <td>우타</td>\n",
       "      <td>신규</td>\n",
       "      <td>A</td>\n",
       "      <td>2011</td>\n",
       "      <td>26</td>\n",
       "      <td>124</td>\n",
       "      <td>506</td>\n",
       "      <td>450</td>\n",
       "      <td>63</td>\n",
       "      <td>130</td>\n",
       "      <td>25</td>\n",
       "      <td>2</td>\n",
       "      <td>8</td>\n",
       "      <td>19</td>\n",
       "      <td>66</td>\n",
       "      <td>4</td>\n",
       "      <td>6</td>\n",
       "      <td>47</td>\n",
       "      <td>81</td>\n",
       "      <td>18</td>\n",
       "      <td>1</td>\n",
       "      <td>-1.00</td>\n",
       "      <td>11.72</td>\n",
       "      <td>10.73</td>\n",
       "      <td>3.90</td>\n",
       "      <td>0.23</td>\n",
       "      <td>20000</td>\n",
       "      <td>고졸</td>\n",
       "      <td>잔류</td>\n",
       "      <td>0</td>\n",
       "      <td>0.0</td>\n",
       "      <td>130.3</td>\n",
       "      <td>0.582</td>\n",
       "      <td>0.366</td>\n",
       "      <td>0.948</td>\n",
       "    </tr>\n",
       "    <tr>\n",
       "      <th>2</th>\n",
       "      <td>2013</td>\n",
       "      <td>롯데</td>\n",
       "      <td>강민호(2011)</td>\n",
       "      <td>C</td>\n",
       "      <td>우투</td>\n",
       "      <td>우타</td>\n",
       "      <td>신규</td>\n",
       "      <td>A</td>\n",
       "      <td>2012</td>\n",
       "      <td>27</td>\n",
       "      <td>119</td>\n",
       "      <td>454</td>\n",
       "      <td>400</td>\n",
       "      <td>41</td>\n",
       "      <td>109</td>\n",
       "      <td>21</td>\n",
       "      <td>0</td>\n",
       "      <td>8</td>\n",
       "      <td>19</td>\n",
       "      <td>66</td>\n",
       "      <td>0</td>\n",
       "      <td>1</td>\n",
       "      <td>44</td>\n",
       "      <td>97</td>\n",
       "      <td>9</td>\n",
       "      <td>2</td>\n",
       "      <td>-1.68</td>\n",
       "      <td>9.16</td>\n",
       "      <td>7.48</td>\n",
       "      <td>3.76</td>\n",
       "      <td>0.65</td>\n",
       "      <td>30000</td>\n",
       "      <td>고졸</td>\n",
       "      <td>잔류</td>\n",
       "      <td>0</td>\n",
       "      <td>0.0</td>\n",
       "      <td>132.9</td>\n",
       "      <td>0.568</td>\n",
       "      <td>0.355</td>\n",
       "      <td>0.923</td>\n",
       "    </tr>\n",
       "    <tr>\n",
       "      <th>3</th>\n",
       "      <td>2014</td>\n",
       "      <td>롯데</td>\n",
       "      <td>강민호(2011)</td>\n",
       "      <td>C</td>\n",
       "      <td>우투</td>\n",
       "      <td>우타</td>\n",
       "      <td>신규</td>\n",
       "      <td>A</td>\n",
       "      <td>2013</td>\n",
       "      <td>28</td>\n",
       "      <td>105</td>\n",
       "      <td>405</td>\n",
       "      <td>327</td>\n",
       "      <td>48</td>\n",
       "      <td>77</td>\n",
       "      <td>13</td>\n",
       "      <td>0</td>\n",
       "      <td>11</td>\n",
       "      <td>11</td>\n",
       "      <td>57</td>\n",
       "      <td>4</td>\n",
       "      <td>1</td>\n",
       "      <td>60</td>\n",
       "      <td>87</td>\n",
       "      <td>5</td>\n",
       "      <td>6</td>\n",
       "      <td>7.18</td>\n",
       "      <td>8.93</td>\n",
       "      <td>16.11</td>\n",
       "      <td>1.75</td>\n",
       "      <td>1.81</td>\n",
       "      <td>55000</td>\n",
       "      <td>고졸</td>\n",
       "      <td>잔류</td>\n",
       "      <td>4</td>\n",
       "      <td>750000.0</td>\n",
       "      <td>99.2</td>\n",
       "      <td>0.450</td>\n",
       "      <td>0.366</td>\n",
       "      <td>0.816</td>\n",
       "    </tr>\n",
       "    <tr>\n",
       "      <th>4</th>\n",
       "      <td>2015</td>\n",
       "      <td>롯데</td>\n",
       "      <td>강민호(2015)</td>\n",
       "      <td>C</td>\n",
       "      <td>우투</td>\n",
       "      <td>우타</td>\n",
       "      <td>FA 1년차</td>\n",
       "      <td>A</td>\n",
       "      <td>2014</td>\n",
       "      <td>29</td>\n",
       "      <td>98</td>\n",
       "      <td>360</td>\n",
       "      <td>310</td>\n",
       "      <td>37</td>\n",
       "      <td>71</td>\n",
       "      <td>14</td>\n",
       "      <td>2</td>\n",
       "      <td>13</td>\n",
       "      <td>16</td>\n",
       "      <td>40</td>\n",
       "      <td>1</td>\n",
       "      <td>2</td>\n",
       "      <td>33</td>\n",
       "      <td>92</td>\n",
       "      <td>6</td>\n",
       "      <td>4</td>\n",
       "      <td>4.54</td>\n",
       "      <td>8.09</td>\n",
       "      <td>12.63</td>\n",
       "      <td>1.20</td>\n",
       "      <td>0.40</td>\n",
       "      <td>100000</td>\n",
       "      <td>고졸</td>\n",
       "      <td>잔류</td>\n",
       "      <td>0</td>\n",
       "      <td>0.0</td>\n",
       "      <td>85.0</td>\n",
       "      <td>0.545</td>\n",
       "      <td>0.325</td>\n",
       "      <td>0.870</td>\n",
       "    </tr>\n",
       "    <tr>\n",
       "      <th>...</th>\n",
       "      <td>...</td>\n",
       "      <td>...</td>\n",
       "      <td>...</td>\n",
       "      <td>...</td>\n",
       "      <td>...</td>\n",
       "      <td>...</td>\n",
       "      <td>...</td>\n",
       "      <td>...</td>\n",
       "      <td>...</td>\n",
       "      <td>...</td>\n",
       "      <td>...</td>\n",
       "      <td>...</td>\n",
       "      <td>...</td>\n",
       "      <td>...</td>\n",
       "      <td>...</td>\n",
       "      <td>...</td>\n",
       "      <td>...</td>\n",
       "      <td>...</td>\n",
       "      <td>...</td>\n",
       "      <td>...</td>\n",
       "      <td>...</td>\n",
       "      <td>...</td>\n",
       "      <td>...</td>\n",
       "      <td>...</td>\n",
       "      <td>...</td>\n",
       "      <td>...</td>\n",
       "      <td>...</td>\n",
       "      <td>...</td>\n",
       "      <td>...</td>\n",
       "      <td>...</td>\n",
       "      <td>...</td>\n",
       "      <td>...</td>\n",
       "      <td>...</td>\n",
       "      <td>...</td>\n",
       "      <td>...</td>\n",
       "      <td>...</td>\n",
       "      <td>...</td>\n",
       "      <td>...</td>\n",
       "      <td>...</td>\n",
       "      <td>...</td>\n",
       "    </tr>\n",
       "    <tr>\n",
       "      <th>664</th>\n",
       "      <td>2019</td>\n",
       "      <td>KT</td>\n",
       "      <td>황재균(2019)</td>\n",
       "      <td>3B</td>\n",
       "      <td>우투</td>\n",
       "      <td>우타</td>\n",
       "      <td>FA 1년차</td>\n",
       "      <td>B</td>\n",
       "      <td>2018</td>\n",
       "      <td>31</td>\n",
       "      <td>142</td>\n",
       "      <td>588</td>\n",
       "      <td>530</td>\n",
       "      <td>76</td>\n",
       "      <td>157</td>\n",
       "      <td>41</td>\n",
       "      <td>3</td>\n",
       "      <td>4</td>\n",
       "      <td>25</td>\n",
       "      <td>88</td>\n",
       "      <td>14</td>\n",
       "      <td>7</td>\n",
       "      <td>49</td>\n",
       "      <td>120</td>\n",
       "      <td>5</td>\n",
       "      <td>3</td>\n",
       "      <td>-0.96</td>\n",
       "      <td>-1.50</td>\n",
       "      <td>-2.46</td>\n",
       "      <td>3.54</td>\n",
       "      <td>-0.09</td>\n",
       "      <td>120000</td>\n",
       "      <td>고졸</td>\n",
       "      <td>이적</td>\n",
       "      <td>0</td>\n",
       "      <td>0.0</td>\n",
       "      <td>117.0</td>\n",
       "      <td>0.657</td>\n",
       "      <td>0.358</td>\n",
       "      <td>1.015</td>\n",
       "    </tr>\n",
       "    <tr>\n",
       "      <th>665</th>\n",
       "      <td>2020</td>\n",
       "      <td>KT</td>\n",
       "      <td>황재균(2019)</td>\n",
       "      <td>3B</td>\n",
       "      <td>우투</td>\n",
       "      <td>우타</td>\n",
       "      <td>재자격</td>\n",
       "      <td>B</td>\n",
       "      <td>2019</td>\n",
       "      <td>32</td>\n",
       "      <td>124</td>\n",
       "      <td>507</td>\n",
       "      <td>448</td>\n",
       "      <td>78</td>\n",
       "      <td>127</td>\n",
       "      <td>16</td>\n",
       "      <td>3</td>\n",
       "      <td>2</td>\n",
       "      <td>20</td>\n",
       "      <td>67</td>\n",
       "      <td>10</td>\n",
       "      <td>7</td>\n",
       "      <td>52</td>\n",
       "      <td>71</td>\n",
       "      <td>10</td>\n",
       "      <td>5</td>\n",
       "      <td>8.99</td>\n",
       "      <td>0.31</td>\n",
       "      <td>9.31</td>\n",
       "      <td>3.80</td>\n",
       "      <td>0.92</td>\n",
       "      <td>120000</td>\n",
       "      <td>고졸</td>\n",
       "      <td>이적</td>\n",
       "      <td>0</td>\n",
       "      <td>0.0</td>\n",
       "      <td>127.0</td>\n",
       "      <td>0.554</td>\n",
       "      <td>0.357</td>\n",
       "      <td>0.911</td>\n",
       "    </tr>\n",
       "    <tr>\n",
       "      <th>666</th>\n",
       "      <td>2021</td>\n",
       "      <td>KT</td>\n",
       "      <td>황재균(2019)</td>\n",
       "      <td>3B</td>\n",
       "      <td>우투</td>\n",
       "      <td>우타</td>\n",
       "      <td>재자격</td>\n",
       "      <td>B</td>\n",
       "      <td>2020</td>\n",
       "      <td>33</td>\n",
       "      <td>134</td>\n",
       "      <td>600</td>\n",
       "      <td>541</td>\n",
       "      <td>108</td>\n",
       "      <td>169</td>\n",
       "      <td>35</td>\n",
       "      <td>5</td>\n",
       "      <td>5</td>\n",
       "      <td>21</td>\n",
       "      <td>97</td>\n",
       "      <td>11</td>\n",
       "      <td>6</td>\n",
       "      <td>47</td>\n",
       "      <td>98</td>\n",
       "      <td>12</td>\n",
       "      <td>4</td>\n",
       "      <td>5.03</td>\n",
       "      <td>-0.10</td>\n",
       "      <td>4.93</td>\n",
       "      <td>4.72</td>\n",
       "      <td>0.47</td>\n",
       "      <td>120000</td>\n",
       "      <td>고졸</td>\n",
       "      <td>이적</td>\n",
       "      <td>0</td>\n",
       "      <td>0.0</td>\n",
       "      <td>129.5</td>\n",
       "      <td>0.625</td>\n",
       "      <td>0.370</td>\n",
       "      <td>0.995</td>\n",
       "    </tr>\n",
       "    <tr>\n",
       "      <th>667</th>\n",
       "      <td>2022</td>\n",
       "      <td>KT</td>\n",
       "      <td>황재균(2019)</td>\n",
       "      <td>3B</td>\n",
       "      <td>우투</td>\n",
       "      <td>우타</td>\n",
       "      <td>재자격</td>\n",
       "      <td>B</td>\n",
       "      <td>2021</td>\n",
       "      <td>34</td>\n",
       "      <td>117</td>\n",
       "      <td>507</td>\n",
       "      <td>453</td>\n",
       "      <td>74</td>\n",
       "      <td>132</td>\n",
       "      <td>16</td>\n",
       "      <td>2</td>\n",
       "      <td>3</td>\n",
       "      <td>10</td>\n",
       "      <td>56</td>\n",
       "      <td>11</td>\n",
       "      <td>4</td>\n",
       "      <td>46</td>\n",
       "      <td>92</td>\n",
       "      <td>11</td>\n",
       "      <td>4</td>\n",
       "      <td>4.16</td>\n",
       "      <td>-0.12</td>\n",
       "      <td>4.04</td>\n",
       "      <td>2.41</td>\n",
       "      <td>0.41</td>\n",
       "      <td>80000</td>\n",
       "      <td>고졸</td>\n",
       "      <td>잔류</td>\n",
       "      <td>4</td>\n",
       "      <td>600000.0</td>\n",
       "      <td>107.9</td>\n",
       "      <td>0.464</td>\n",
       "      <td>0.358</td>\n",
       "      <td>0.822</td>\n",
       "    </tr>\n",
       "    <tr>\n",
       "      <th>668</th>\n",
       "      <td>2023</td>\n",
       "      <td>KT</td>\n",
       "      <td>황재균(2023)</td>\n",
       "      <td>3B</td>\n",
       "      <td>우투</td>\n",
       "      <td>우타</td>\n",
       "      <td>FA 1년차</td>\n",
       "      <td>NaN</td>\n",
       "      <td>2022</td>\n",
       "      <td>35</td>\n",
       "      <td>141</td>\n",
       "      <td>581</td>\n",
       "      <td>519</td>\n",
       "      <td>59</td>\n",
       "      <td>136</td>\n",
       "      <td>25</td>\n",
       "      <td>3</td>\n",
       "      <td>5</td>\n",
       "      <td>10</td>\n",
       "      <td>64</td>\n",
       "      <td>6</td>\n",
       "      <td>3</td>\n",
       "      <td>53</td>\n",
       "      <td>99</td>\n",
       "      <td>17</td>\n",
       "      <td>2</td>\n",
       "      <td>-2.49</td>\n",
       "      <td>-0.25</td>\n",
       "      <td>-2.74</td>\n",
       "      <td>2.07</td>\n",
       "      <td>-0.26</td>\n",
       "      <td>40000</td>\n",
       "      <td>고졸</td>\n",
       "      <td>잔류</td>\n",
       "      <td>0</td>\n",
       "      <td>0.0</td>\n",
       "      <td>97.1</td>\n",
       "      <td>0.453</td>\n",
       "      <td>0.335</td>\n",
       "      <td>0.788</td>\n",
       "    </tr>\n",
       "  </tbody>\n",
       "</table>\n",
       "<p>669 rows × 40 columns</p>\n",
       "</div>"
      ],
      "text/plain": [
       "     FA년도 구단명        선수명 포지션   투   타      구분 FA등급  플레이년도  나이  게임수  타석수   타수  \\\n",
       "0    2011  롯데  강민호(2011)   C  우투  우타      신규    A   2010  25  117  465  410   \n",
       "1    2012  롯데  강민호(2011)   C  우투  우타      신규    A   2011  26  124  506  450   \n",
       "2    2013  롯데  강민호(2011)   C  우투  우타      신규    A   2012  27  119  454  400   \n",
       "3    2014  롯데  강민호(2011)   C  우투  우타      신규    A   2013  28  105  405  327   \n",
       "4    2015  롯데  강민호(2015)   C  우투  우타  FA 1년차    A   2014  29   98  360  310   \n",
       "..    ...  ..        ...  ..  ..  ..     ...  ...    ...  ..  ...  ...  ...   \n",
       "664  2019  KT  황재균(2019)  3B  우투  우타  FA 1년차    B   2018  31  142  588  530   \n",
       "665  2020  KT  황재균(2019)  3B  우투  우타     재자격    B   2019  32  124  507  448   \n",
       "666  2021  KT  황재균(2019)  3B  우투  우타     재자격    B   2020  33  134  600  541   \n",
       "667  2022  KT  황재균(2019)  3B  우투  우타     재자격    B   2021  34  117  507  453   \n",
       "668  2023  KT  황재균(2023)  3B  우투  우타  FA 1년차  NaN   2022  35  141  581  519   \n",
       "\n",
       "      득점   안타  2루타  3루타  사구  홈런  타점  도루성공  도루실패  볼넷   삼진  병살타  희생플라이  \\\n",
       "0     66  125   19    1   8  23  72     2     7  42   65   16      5   \n",
       "1     63  130   25    2   8  19  66     4     6  47   81   18      1   \n",
       "2     41  109   21    0   8  19  66     0     1  44   97    9      2   \n",
       "3     48   77   13    0  11  11  57     4     1  60   87    5      6   \n",
       "4     37   71   14    2  13  16  40     1     2  33   92    6      4   \n",
       "..   ...  ...  ...  ...  ..  ..  ..   ...   ...  ..  ...  ...    ...   \n",
       "664   76  157   41    3   4  25  88    14     7  49  120    5      3   \n",
       "665   78  127   16    3   2  20  67    10     7  52   71   10      5   \n",
       "666  108  169   35    5   5  21  97    11     6  47   98   12      4   \n",
       "667   74  132   16    2   3  10  56    11     4  46   92   11      4   \n",
       "668   59  136   25    3   5  10  64     6     3  53   99   17      2   \n",
       "\n",
       "     평균대비수비득점기여  수비_포지션 RAA  전체수비 RAA  공격WAR  수비WAR      연봉  비고 잔류 여부  \\\n",
       "0          1.74        9.48     11.21   3.67   0.35   13500  고졸    잔류   \n",
       "1         -1.00       11.72     10.73   3.90   0.23   20000  고졸    잔류   \n",
       "2         -1.68        9.16      7.48   3.76   0.65   30000  고졸    잔류   \n",
       "3          7.18        8.93     16.11   1.75   1.81   55000  고졸    잔류   \n",
       "4          4.54        8.09     12.63   1.20   0.40  100000  고졸    잔류   \n",
       "..          ...         ...       ...    ...    ...     ...  ..   ...   \n",
       "664       -0.96       -1.50     -2.46   3.54  -0.09  120000  고졸    이적   \n",
       "665        8.99        0.31      9.31   3.80   0.92  120000  고졸    이적   \n",
       "666        5.03       -0.10      4.93   4.72   0.47  120000  고졸    이적   \n",
       "667        4.16       -0.12      4.04   2.41   0.41   80000  고졸    잔류   \n",
       "668       -2.49       -0.25     -2.74   2.07  -0.26   40000  고졸    잔류   \n",
       "\n",
       "     FA 계약 연수  FA 계약 총액   wRC+    장타율    출루율    OPS  \n",
       "0           0       0.0  134.4  0.629  0.376  1.005  \n",
       "1           0       0.0  130.3  0.582  0.366  0.948  \n",
       "2           0       0.0  132.9  0.568  0.355  0.923  \n",
       "3           4  750000.0   99.2  0.450  0.366  0.816  \n",
       "4           0       0.0   85.0  0.545  0.325  0.870  \n",
       "..        ...       ...    ...    ...    ...    ...  \n",
       "664         0       0.0  117.0  0.657  0.358  1.015  \n",
       "665         0       0.0  127.0  0.554  0.357  0.911  \n",
       "666         0       0.0  129.5  0.625  0.370  0.995  \n",
       "667         4  600000.0  107.9  0.464  0.358  0.822  \n",
       "668         0       0.0   97.1  0.453  0.335  0.788  \n",
       "\n",
       "[669 rows x 40 columns]"
      ]
     },
     "execution_count": 21,
     "metadata": {},
     "output_type": "execute_result"
    }
   ],
   "source": [
    "df = pd.read_csv('야수_전처리_ver03_데이터추가.csv')\n",
    "df"
   ]
  },
  {
   "cell_type": "code",
   "execution_count": 65,
   "id": "e222e32a-7724-484d-8d71-bfa1ee7ecb4a",
   "metadata": {},
   "outputs": [],
   "source": [
    "df_clean = df.dropna(subset=['평균대비수비득점기여', '수비_포지션 RAA', '전체수비 RAA', '수비WAR'])"
   ]
  },
  {
   "cell_type": "code",
   "execution_count": 67,
   "id": "fe52636d-f465-418f-830e-e6ad1307a5e9",
   "metadata": {},
   "outputs": [],
   "source": [
    "grouped = df.groupby('선수명')[['공격WAR','wRC+','장타율','출루율','OPS',\n",
    "                             '수비_포지션 RAA','평균대비수비득점기여','전체수비 RAA','수비WAR',\n",
    "                             '연봉', 'FA 계약 총액']].sum().reset_index()"
   ]
  },
  {
   "cell_type": "code",
   "execution_count": 69,
   "id": "9cf5e632-dee7-4888-89af-1744d5b91f96",
   "metadata": {},
   "outputs": [
    {
     "data": {
      "text/html": [
       "<div>\n",
       "<style scoped>\n",
       "    .dataframe tbody tr th:only-of-type {\n",
       "        vertical-align: middle;\n",
       "    }\n",
       "\n",
       "    .dataframe tbody tr th {\n",
       "        vertical-align: top;\n",
       "    }\n",
       "\n",
       "    .dataframe thead th {\n",
       "        text-align: right;\n",
       "    }\n",
       "</style>\n",
       "<table border=\"1\" class=\"dataframe\">\n",
       "  <thead>\n",
       "    <tr style=\"text-align: right;\">\n",
       "      <th></th>\n",
       "      <th>수비_포지션 RAA</th>\n",
       "      <th>평균대비수비득점기여</th>\n",
       "      <th>전체수비 RAA</th>\n",
       "      <th>수비WAR</th>\n",
       "      <th>연봉</th>\n",
       "      <th>FA 계약 연수</th>\n",
       "      <th>FA 계약 총액</th>\n",
       "    </tr>\n",
       "  </thead>\n",
       "  <tbody>\n",
       "    <tr>\n",
       "      <th>수비_포지션 RAA</th>\n",
       "      <td>1.000000</td>\n",
       "      <td>0.298932</td>\n",
       "      <td>0.921562</td>\n",
       "      <td>0.447553</td>\n",
       "      <td>-0.233246</td>\n",
       "      <td>0.063437</td>\n",
       "      <td>0.007115</td>\n",
       "    </tr>\n",
       "    <tr>\n",
       "      <th>평균대비수비득점기여</th>\n",
       "      <td>0.298932</td>\n",
       "      <td>1.000000</td>\n",
       "      <td>0.645962</td>\n",
       "      <td>0.811073</td>\n",
       "      <td>0.059405</td>\n",
       "      <td>0.169590</td>\n",
       "      <td>0.175612</td>\n",
       "    </tr>\n",
       "    <tr>\n",
       "      <th>전체수비 RAA</th>\n",
       "      <td>0.921562</td>\n",
       "      <td>0.645962</td>\n",
       "      <td>1.000000</td>\n",
       "      <td>0.687995</td>\n",
       "      <td>-0.162429</td>\n",
       "      <td>0.119721</td>\n",
       "      <td>0.077136</td>\n",
       "    </tr>\n",
       "    <tr>\n",
       "      <th>수비WAR</th>\n",
       "      <td>0.447553</td>\n",
       "      <td>0.811073</td>\n",
       "      <td>0.687995</td>\n",
       "      <td>1.000000</td>\n",
       "      <td>-0.026172</td>\n",
       "      <td>0.118245</td>\n",
       "      <td>0.103405</td>\n",
       "    </tr>\n",
       "    <tr>\n",
       "      <th>연봉</th>\n",
       "      <td>-0.233246</td>\n",
       "      <td>0.059405</td>\n",
       "      <td>-0.162429</td>\n",
       "      <td>-0.026172</td>\n",
       "      <td>1.000000</td>\n",
       "      <td>0.360316</td>\n",
       "      <td>0.529008</td>\n",
       "    </tr>\n",
       "    <tr>\n",
       "      <th>FA 계약 연수</th>\n",
       "      <td>0.063437</td>\n",
       "      <td>0.169590</td>\n",
       "      <td>0.119721</td>\n",
       "      <td>0.118245</td>\n",
       "      <td>0.360316</td>\n",
       "      <td>1.000000</td>\n",
       "      <td>0.794558</td>\n",
       "    </tr>\n",
       "    <tr>\n",
       "      <th>FA 계약 총액</th>\n",
       "      <td>0.007115</td>\n",
       "      <td>0.175612</td>\n",
       "      <td>0.077136</td>\n",
       "      <td>0.103405</td>\n",
       "      <td>0.529008</td>\n",
       "      <td>0.794558</td>\n",
       "      <td>1.000000</td>\n",
       "    </tr>\n",
       "  </tbody>\n",
       "</table>\n",
       "</div>"
      ],
      "text/plain": [
       "            수비_포지션 RAA  평균대비수비득점기여  전체수비 RAA     수비WAR        연봉  FA 계약 연수  \\\n",
       "수비_포지션 RAA    1.000000    0.298932  0.921562  0.447553 -0.233246  0.063437   \n",
       "평균대비수비득점기여    0.298932    1.000000  0.645962  0.811073  0.059405  0.169590   \n",
       "전체수비 RAA      0.921562    0.645962  1.000000  0.687995 -0.162429  0.119721   \n",
       "수비WAR         0.447553    0.811073  0.687995  1.000000 -0.026172  0.118245   \n",
       "연봉           -0.233246    0.059405 -0.162429 -0.026172  1.000000  0.360316   \n",
       "FA 계약 연수      0.063437    0.169590  0.119721  0.118245  0.360316  1.000000   \n",
       "FA 계약 총액      0.007115    0.175612  0.077136  0.103405  0.529008  0.794558   \n",
       "\n",
       "            FA 계약 총액  \n",
       "수비_포지션 RAA  0.007115  \n",
       "평균대비수비득점기여  0.175612  \n",
       "전체수비 RAA    0.077136  \n",
       "수비WAR       0.103405  \n",
       "연봉          0.529008  \n",
       "FA 계약 연수    0.794558  \n",
       "FA 계약 총액    1.000000  "
      ]
     },
     "execution_count": 69,
     "metadata": {},
     "output_type": "execute_result"
    }
   ],
   "source": [
    "correlation = grouped[['수비_포지션 RAA','평균대비수비득점기여','전체수비 RAA','수비WAR','연봉', 'FA 계약 총액']].corr()\n",
    "correlation"
   ]
  },
  {
   "cell_type": "code",
   "execution_count": 71,
   "id": "b714f7d3-35ab-417e-beaf-aadc10550bbb",
   "metadata": {},
   "outputs": [
    {
     "data": {
      "text/html": [
       "<div>\n",
       "<style scoped>\n",
       "    .dataframe tbody tr th:only-of-type {\n",
       "        vertical-align: middle;\n",
       "    }\n",
       "\n",
       "    .dataframe tbody tr th {\n",
       "        vertical-align: top;\n",
       "    }\n",
       "\n",
       "    .dataframe thead th {\n",
       "        text-align: right;\n",
       "    }\n",
       "</style>\n",
       "<table border=\"1\" class=\"dataframe\">\n",
       "  <thead>\n",
       "    <tr style=\"text-align: right;\">\n",
       "      <th></th>\n",
       "      <th>수비_포지션 RAA</th>\n",
       "      <th>평균대비수비득점기여</th>\n",
       "      <th>전체수비 RAA</th>\n",
       "      <th>수비WAR</th>\n",
       "      <th>연봉</th>\n",
       "    </tr>\n",
       "  </thead>\n",
       "  <tbody>\n",
       "    <tr>\n",
       "      <th>수비_포지션 RAA</th>\n",
       "      <td>1.000000</td>\n",
       "      <td>0.298932</td>\n",
       "      <td>0.921562</td>\n",
       "      <td>0.447553</td>\n",
       "      <td>-0.233246</td>\n",
       "    </tr>\n",
       "    <tr>\n",
       "      <th>평균대비수비득점기여</th>\n",
       "      <td>0.298932</td>\n",
       "      <td>1.000000</td>\n",
       "      <td>0.645962</td>\n",
       "      <td>0.811073</td>\n",
       "      <td>0.059405</td>\n",
       "    </tr>\n",
       "    <tr>\n",
       "      <th>전체수비 RAA</th>\n",
       "      <td>0.921562</td>\n",
       "      <td>0.645962</td>\n",
       "      <td>1.000000</td>\n",
       "      <td>0.687995</td>\n",
       "      <td>-0.162429</td>\n",
       "    </tr>\n",
       "    <tr>\n",
       "      <th>수비WAR</th>\n",
       "      <td>0.447553</td>\n",
       "      <td>0.811073</td>\n",
       "      <td>0.687995</td>\n",
       "      <td>1.000000</td>\n",
       "      <td>-0.026172</td>\n",
       "    </tr>\n",
       "    <tr>\n",
       "      <th>연봉</th>\n",
       "      <td>-0.233246</td>\n",
       "      <td>0.059405</td>\n",
       "      <td>-0.162429</td>\n",
       "      <td>-0.026172</td>\n",
       "      <td>1.000000</td>\n",
       "    </tr>\n",
       "  </tbody>\n",
       "</table>\n",
       "</div>"
      ],
      "text/plain": [
       "            수비_포지션 RAA  평균대비수비득점기여  전체수비 RAA     수비WAR        연봉\n",
       "수비_포지션 RAA    1.000000    0.298932  0.921562  0.447553 -0.233246\n",
       "평균대비수비득점기여    0.298932    1.000000  0.645962  0.811073  0.059405\n",
       "전체수비 RAA      0.921562    0.645962  1.000000  0.687995 -0.162429\n",
       "수비WAR         0.447553    0.811073  0.687995  1.000000 -0.026172\n",
       "연봉           -0.233246    0.059405 -0.162429 -0.026172  1.000000"
      ]
     },
     "execution_count": 71,
     "metadata": {},
     "output_type": "execute_result"
    }
   ],
   "source": [
    "correlation = grouped[['수비_포지션 RAA','평균대비수비득점기여','전체수비 RAA','수비WAR','연봉']].corr()\n",
    "correlation"
   ]
  },
  {
   "cell_type": "code",
   "execution_count": 75,
   "id": "44b4a462-707f-454b-873e-c3a4bf88b85d",
   "metadata": {},
   "outputs": [
    {
     "data": {
      "text/html": [
       "<div>\n",
       "<style scoped>\n",
       "    .dataframe tbody tr th:only-of-type {\n",
       "        vertical-align: middle;\n",
       "    }\n",
       "\n",
       "    .dataframe tbody tr th {\n",
       "        vertical-align: top;\n",
       "    }\n",
       "\n",
       "    .dataframe thead th {\n",
       "        text-align: right;\n",
       "    }\n",
       "</style>\n",
       "<table border=\"1\" class=\"dataframe\">\n",
       "  <thead>\n",
       "    <tr style=\"text-align: right;\">\n",
       "      <th></th>\n",
       "      <th>수비_포지션 RAA</th>\n",
       "      <th>평균대비수비득점기여</th>\n",
       "      <th>전체수비 RAA</th>\n",
       "      <th>수비WAR</th>\n",
       "      <th>FA 계약 총액</th>\n",
       "    </tr>\n",
       "  </thead>\n",
       "  <tbody>\n",
       "    <tr>\n",
       "      <th>수비_포지션 RAA</th>\n",
       "      <td>1.000000</td>\n",
       "      <td>0.298932</td>\n",
       "      <td>0.921562</td>\n",
       "      <td>0.447553</td>\n",
       "      <td>0.007115</td>\n",
       "    </tr>\n",
       "    <tr>\n",
       "      <th>평균대비수비득점기여</th>\n",
       "      <td>0.298932</td>\n",
       "      <td>1.000000</td>\n",
       "      <td>0.645962</td>\n",
       "      <td>0.811073</td>\n",
       "      <td>0.175612</td>\n",
       "    </tr>\n",
       "    <tr>\n",
       "      <th>전체수비 RAA</th>\n",
       "      <td>0.921562</td>\n",
       "      <td>0.645962</td>\n",
       "      <td>1.000000</td>\n",
       "      <td>0.687995</td>\n",
       "      <td>0.077136</td>\n",
       "    </tr>\n",
       "    <tr>\n",
       "      <th>수비WAR</th>\n",
       "      <td>0.447553</td>\n",
       "      <td>0.811073</td>\n",
       "      <td>0.687995</td>\n",
       "      <td>1.000000</td>\n",
       "      <td>0.103405</td>\n",
       "    </tr>\n",
       "    <tr>\n",
       "      <th>FA 계약 총액</th>\n",
       "      <td>0.007115</td>\n",
       "      <td>0.175612</td>\n",
       "      <td>0.077136</td>\n",
       "      <td>0.103405</td>\n",
       "      <td>1.000000</td>\n",
       "    </tr>\n",
       "  </tbody>\n",
       "</table>\n",
       "</div>"
      ],
      "text/plain": [
       "            수비_포지션 RAA  평균대비수비득점기여  전체수비 RAA     수비WAR  FA 계약 총액\n",
       "수비_포지션 RAA    1.000000    0.298932  0.921562  0.447553  0.007115\n",
       "평균대비수비득점기여    0.298932    1.000000  0.645962  0.811073  0.175612\n",
       "전체수비 RAA      0.921562    0.645962  1.000000  0.687995  0.077136\n",
       "수비WAR         0.447553    0.811073  0.687995  1.000000  0.103405\n",
       "FA 계약 총액      0.007115    0.175612  0.077136  0.103405  1.000000"
      ]
     },
     "execution_count": 75,
     "metadata": {},
     "output_type": "execute_result"
    }
   ],
   "source": [
    "correlation = grouped[['수비_포지션 RAA','평균대비수비득점기여','전체수비 RAA','수비WAR','FA 계약 총액']].corr()\n",
    "correlation"
   ]
  },
  {
   "cell_type": "code",
   "execution_count": 89,
   "id": "cbf1c577-493a-47ba-98a6-8dd6f731f7dc",
   "metadata": {},
   "outputs": [
    {
     "data": {
      "text/html": [
       "<div>\n",
       "<style scoped>\n",
       "    .dataframe tbody tr th:only-of-type {\n",
       "        vertical-align: middle;\n",
       "    }\n",
       "\n",
       "    .dataframe tbody tr th {\n",
       "        vertical-align: top;\n",
       "    }\n",
       "\n",
       "    .dataframe thead th {\n",
       "        text-align: right;\n",
       "    }\n",
       "</style>\n",
       "<table border=\"1\" class=\"dataframe\">\n",
       "  <thead>\n",
       "    <tr style=\"text-align: right;\">\n",
       "      <th></th>\n",
       "      <th>공격WAR</th>\n",
       "      <th>wRC+</th>\n",
       "      <th>장타율</th>\n",
       "      <th>출루율</th>\n",
       "      <th>OPS</th>\n",
       "      <th>수비_포지션 RAA</th>\n",
       "      <th>평균대비수비득점기여</th>\n",
       "      <th>전체수비 RAA</th>\n",
       "      <th>수비WAR</th>\n",
       "      <th>연봉</th>\n",
       "      <th>FA 계약 총액</th>\n",
       "    </tr>\n",
       "  </thead>\n",
       "  <tbody>\n",
       "    <tr>\n",
       "      <th>공격WAR</th>\n",
       "      <td>1.000000</td>\n",
       "      <td>0.853599</td>\n",
       "      <td>0.787734</td>\n",
       "      <td>0.731855</td>\n",
       "      <td>0.771929</td>\n",
       "      <td>-0.113053</td>\n",
       "      <td>0.106004</td>\n",
       "      <td>-0.047319</td>\n",
       "      <td>-0.020765</td>\n",
       "      <td>0.541995</td>\n",
       "      <td>0.729252</td>\n",
       "    </tr>\n",
       "    <tr>\n",
       "      <th>wRC+</th>\n",
       "      <td>0.853599</td>\n",
       "      <td>1.000000</td>\n",
       "      <td>0.970677</td>\n",
       "      <td>0.957543</td>\n",
       "      <td>0.973769</td>\n",
       "      <td>-0.173217</td>\n",
       "      <td>0.108045</td>\n",
       "      <td>-0.094609</td>\n",
       "      <td>0.002297</td>\n",
       "      <td>0.475605</td>\n",
       "      <td>0.622980</td>\n",
       "    </tr>\n",
       "    <tr>\n",
       "      <th>장타율</th>\n",
       "      <td>0.787734</td>\n",
       "      <td>0.970677</td>\n",
       "      <td>1.000000</td>\n",
       "      <td>0.964404</td>\n",
       "      <td>0.994249</td>\n",
       "      <td>-0.144933</td>\n",
       "      <td>0.122184</td>\n",
       "      <td>-0.066233</td>\n",
       "      <td>0.026016</td>\n",
       "      <td>0.441715</td>\n",
       "      <td>0.584612</td>\n",
       "    </tr>\n",
       "    <tr>\n",
       "      <th>출루율</th>\n",
       "      <td>0.731855</td>\n",
       "      <td>0.957543</td>\n",
       "      <td>0.964404</td>\n",
       "      <td>1.000000</td>\n",
       "      <td>0.987177</td>\n",
       "      <td>-0.072763</td>\n",
       "      <td>0.137221</td>\n",
       "      <td>-0.002387</td>\n",
       "      <td>0.058447</td>\n",
       "      <td>0.388116</td>\n",
       "      <td>0.536127</td>\n",
       "    </tr>\n",
       "    <tr>\n",
       "      <th>OPS</th>\n",
       "      <td>0.771929</td>\n",
       "      <td>0.973769</td>\n",
       "      <td>0.994249</td>\n",
       "      <td>0.987177</td>\n",
       "      <td>1.000000</td>\n",
       "      <td>-0.116960</td>\n",
       "      <td>0.129333</td>\n",
       "      <td>-0.040950</td>\n",
       "      <td>0.039376</td>\n",
       "      <td>0.423835</td>\n",
       "      <td>0.570042</td>\n",
       "    </tr>\n",
       "    <tr>\n",
       "      <th>수비_포지션 RAA</th>\n",
       "      <td>-0.113053</td>\n",
       "      <td>-0.173217</td>\n",
       "      <td>-0.144933</td>\n",
       "      <td>-0.072763</td>\n",
       "      <td>-0.116960</td>\n",
       "      <td>1.000000</td>\n",
       "      <td>0.298932</td>\n",
       "      <td>0.921562</td>\n",
       "      <td>0.447553</td>\n",
       "      <td>-0.233246</td>\n",
       "      <td>0.007115</td>\n",
       "    </tr>\n",
       "    <tr>\n",
       "      <th>평균대비수비득점기여</th>\n",
       "      <td>0.106004</td>\n",
       "      <td>0.108045</td>\n",
       "      <td>0.122184</td>\n",
       "      <td>0.137221</td>\n",
       "      <td>0.129333</td>\n",
       "      <td>0.298932</td>\n",
       "      <td>1.000000</td>\n",
       "      <td>0.645962</td>\n",
       "      <td>0.811073</td>\n",
       "      <td>0.059405</td>\n",
       "      <td>0.175612</td>\n",
       "    </tr>\n",
       "    <tr>\n",
       "      <th>전체수비 RAA</th>\n",
       "      <td>-0.047319</td>\n",
       "      <td>-0.094609</td>\n",
       "      <td>-0.066233</td>\n",
       "      <td>-0.002387</td>\n",
       "      <td>-0.040950</td>\n",
       "      <td>0.921562</td>\n",
       "      <td>0.645962</td>\n",
       "      <td>1.000000</td>\n",
       "      <td>0.687995</td>\n",
       "      <td>-0.162429</td>\n",
       "      <td>0.077136</td>\n",
       "    </tr>\n",
       "    <tr>\n",
       "      <th>수비WAR</th>\n",
       "      <td>-0.020765</td>\n",
       "      <td>0.002297</td>\n",
       "      <td>0.026016</td>\n",
       "      <td>0.058447</td>\n",
       "      <td>0.039376</td>\n",
       "      <td>0.447553</td>\n",
       "      <td>0.811073</td>\n",
       "      <td>0.687995</td>\n",
       "      <td>1.000000</td>\n",
       "      <td>-0.026172</td>\n",
       "      <td>0.103405</td>\n",
       "    </tr>\n",
       "    <tr>\n",
       "      <th>연봉</th>\n",
       "      <td>0.541995</td>\n",
       "      <td>0.475605</td>\n",
       "      <td>0.441715</td>\n",
       "      <td>0.388116</td>\n",
       "      <td>0.423835</td>\n",
       "      <td>-0.233246</td>\n",
       "      <td>0.059405</td>\n",
       "      <td>-0.162429</td>\n",
       "      <td>-0.026172</td>\n",
       "      <td>1.000000</td>\n",
       "      <td>0.529008</td>\n",
       "    </tr>\n",
       "    <tr>\n",
       "      <th>FA 계약 총액</th>\n",
       "      <td>0.729252</td>\n",
       "      <td>0.622980</td>\n",
       "      <td>0.584612</td>\n",
       "      <td>0.536127</td>\n",
       "      <td>0.570042</td>\n",
       "      <td>0.007115</td>\n",
       "      <td>0.175612</td>\n",
       "      <td>0.077136</td>\n",
       "      <td>0.103405</td>\n",
       "      <td>0.529008</td>\n",
       "      <td>1.000000</td>\n",
       "    </tr>\n",
       "  </tbody>\n",
       "</table>\n",
       "</div>"
      ],
      "text/plain": [
       "               공격WAR      wRC+       장타율       출루율       OPS  수비_포지션 RAA  \\\n",
       "공격WAR       1.000000  0.853599  0.787734  0.731855  0.771929   -0.113053   \n",
       "wRC+        0.853599  1.000000  0.970677  0.957543  0.973769   -0.173217   \n",
       "장타율         0.787734  0.970677  1.000000  0.964404  0.994249   -0.144933   \n",
       "출루율         0.731855  0.957543  0.964404  1.000000  0.987177   -0.072763   \n",
       "OPS         0.771929  0.973769  0.994249  0.987177  1.000000   -0.116960   \n",
       "수비_포지션 RAA -0.113053 -0.173217 -0.144933 -0.072763 -0.116960    1.000000   \n",
       "평균대비수비득점기여  0.106004  0.108045  0.122184  0.137221  0.129333    0.298932   \n",
       "전체수비 RAA   -0.047319 -0.094609 -0.066233 -0.002387 -0.040950    0.921562   \n",
